9999 49 48 91 35 54 70 21 20 22 96 89 46 17 
53 9999 90 88 65 17 97 40 51 82 47 85 98 47
99 79 9999 38 84 82 25 99 58 85 41 63 99 28 
89 54 67 9999 85 45 73 96 23 95 60 69 40 64 
65 26 72 83 9999 52 33 86 30 88 40 21 39 70 
76 96 96 93 85 9999 47 93 78 26 37 21 76 67 
84 68 21 36 78 31 9999 62 51 46 56 71 46 43 
78 74 20 67 89 51 35 9999 91 61 30 83 80 49 
27 95 57 56 55 84 36 23 9999 31 94 87 28 69 
68 34 28 100 98 41 25 96 42 9999 76 82 79 89 
35 51 56 35 25 36 74 77 35 28 9999 99 30 71 
78 89 85 44 27 48 18 78 87 32 17 9999 70 47 
51 29 16 72 31 35 15 18 46 38 99 45 9999 88 
69 20 15 79 34 38 58 50 59 44 95 60 62 9999