9999 87 71 85 83 21 46 21 72 39 91 73 26 18 
22 9999 88 74 100 90 19 89 48 85 41 18 46 95 
19 38 9999 70 59 98 21 27 50 50 26 94 28 98 
81 30 16 9999 46 95 83 35 42 67 49 83 40 32 
66 46 86 24 9999 55 41 30 71 99 61 25 43 17 
85 79 34 73 46 9999 51 57 58 52 88 27 36 100 
20 19 60 60 90 34 9999 72 60 44 29 51 98 54 
26 77 24 78 48 91 19 9999 84 87 60 48 77 29 
40 59 75 27 43 70 34 55 9999 57 23 76 30 91 
63 19 69 19 61 95 15 88 49 9999 74 18 59 69 
15 68 44 37 99 25 20 62 85 89 9999 91 25 24 
47 65 42 15 66 74 96 56 53 28 27 9999 43 71 
63 40 19 65 28 52 18 41 87 29 35 51 9999 38 
89 87 42 76 66 68 30 24 16 79 48 20 100 9999