9999 19 47 78 86 33 95 71 24 29 22 70 86 39 
24 9999 99 35 15 15 47 17 33 63 64 100 47 55 
77 43 9999 20 64 25 53 55 16 53 32 70 29 79 
52 98 81 9999 17 92 99 29 54 91 55 71 45 41 
48 57 37 63 9999 96 18 70 98 83 30 31 75 83 
87 48 91 96 49 9999 60 47 100 77 89 45 96 34 
63 36 63 28 79 96 9999 74 59 59 99 69 51 59 
48 94 17 58 60 49 77 9999 59 84 41 94 35 97 
94 39 17 53 28 48 93 49 9999 36 69 89 57 18 
16 97 54 83 81 44 75 41 92 9999 74 28 63 73 
31 77 43 35 45 45 39 96 35 78 9999 95 80 30 
28 99 95 46 69 21 40 15 49 92 69 9999 37 53 
69 57 88 36 98 15 74 41 25 67 15 100 9999 70 
48 82 35 98 77 88 18 82 97 51 41 59 67 9999