9999 45 17 91 37 84 35 34 62 65 44 72 80 36
49 9999 38 70 86 62 41 87 29 17 75 40 51 82
35 52 9999 24 63 82 76 98 58 59 94 58 63 57
86 80 53 9999 55 52 49 60 42 100 74 33 86 50
33 57 98 89 9999 19 51 35 27 66 68 24 72 59
42 20 60 66 17 9999 75 86 93 33 50 31 23 98
54 41 74 95 33 42 9999 55 33 66 100 72 91 70
80 77 91 99 40 96 62 9999 59 46 33 47 80 62
49 48 16 38 29 28 74 22 9999 36 96 74 19 59
100 98 38 70 69 39 32 32 57 9999 52 42 59 36
49 79 82 67 89 58 57 60 89 57 9999 32 81 19
40 84 62 59 91 76 68 71 85 58 32 9999 96 19
77 64 38 83 37 84 61 26 57 16 37 19 9999 28
46 88 34 15 60 92 19 67 48 90 67 20 42 9999